0,据中新网2013年2月18日报道：“日本政府认为，日本来自中东地区的石油40%会通过霍尔木兹海峡，一旦伊朗封锁该海峡，将对日本的能源供应造成严重影响。……日本政府正在计划向霍尔木兹海峡派遣一支海上自卫队舰队。”该报道表明日本,与美国战略同盟关系已破裂,借机谋求政治大国的地位,开始与美国争夺石油资源,已再次走上对外扩张的道路,B,B. 借机谋求政治大国的地位。
1,公元前123年的罗马《索贿罪法》规定，主持审理贪污受贿案件的裁判官应按照法定程序，从拥有一定财产的居民中挑选50名陪审员，组成陪审团参与审判。由此建立起来的陪审制,标志着罗马法律的日趋完备,体现了罗马司法程序的进步,反映了罗马政体的改变,照搬了希腊的司法制度,B,A. 标志着罗马法律的日趋完备B. 体现了罗马司法程序的进步C. 反映了罗马政体的改变D. 照搬了希腊的司法制度
2,据统计，到1600年，全西欧的总价格水平比1500年高出200-300%，其中西班牙上涨幅度最高，平均达到4倍。法国、英国、德国、荷兰则平均上涨两倍到两倍半。这一现象对欧洲社会的影响是,社会阶层固化严重,资本主义萌芽出现,封建经济关系破坏,贵重金属大量流入,C,C. 封建经济关系破坏。根据题目描述，到1600年，西欧的价格水平上涨了200-300%，其中西班牙上涨幅度最高，平均达到4倍。法国、英国、德国、荷兰则平均上涨两倍到两倍半。这一现象是资本主义萌芽出现的标志，也是新航路开辟后，贵重金属大量流入，推动资本主义发展的结果。
3,孟德斯鸠曾说：“意大利各民族成为罗马的公民以后，每一个城市便表现了它自己的特色……既然人们不过是由于一种特殊的法律上的规定才成为罗马公民的……因此人们就不再用和先前相同的眼光看待罗马……对罗马的依恋之情也不复存在了。”在孟德斯鸠看来，更多意大利人成为罗马公民,扩大了罗马统治基础,加剧了罗马社会矛盾,导致罗马失去凝聚力,有利于罗马帝国统一,C,C. 导致罗马失去凝聚力。
4,1918年，列宁曾这样感慨十月革命：“历史走的是奇怪的道路：一个落后的国家竟有幸走在伟大的世界运动的前列。全世界资产阶级都看到了这个运动，而且了解这个运动。这场火范围很大，德国、比利时、瑞士、荷兰都着起来了。”在此，列宁意在强调十月革命,致使俄国陷入深刻的政治经济危机当中,极大地推动了国际社会主义运动的开展,开启了俄国社会主义现代化建设新时代,是建立无产阶级专政的第一次伟大尝试,B,B
5,随着商业和（罗马）帝国的发展，生活日益复杂，原先的法律不能再满足需要……”为了能够适应新的社会发展要求，万民法逐步取代了公民法。因为万民法,能较好地理顺各种错综复杂的利益关系,体现了法律面前人人平等的自然法原则,内容侧重于急需的国家事务和法律程序,能在一定程度上限制贵族的专横和特权,A,A. 能较好地理顺各种错综复杂的利益关系
6,“戴维营协议”是阿、以关系发展史上的里程碑，成为“以土地换和平”的成功范例。下列各项中，属于“戴维营协议”重要文件的是,《关于在被占领土上巴勒斯坦临时自治政府安排的原则宣言,《关于签订一项埃及与以色列之间和平条约的纲要》,埃叙共同防御协定,巴以临时和平协议,B,B. 《关于签订一项埃及与以色列之间和平条约的纲要》
7,“佛罗伦萨人文主义派甚至采取更惊人的步骤，他们反对对财富的谴责，并且创立这样一种学说：在上帝眼中，贫穷并不是显示品德的惟一方法。”由此可见，人文主义者,揶揄上帝,反对安于清贫的说教,鄙视贫穷,认为财富即道德,B,B
8,工业革命前，英国矿井里使用蒸汽唧筒抽水。1765年，修理过唧筒的瓦特发明了一种单动式蒸汽机，后在工厂主的合作和资助下，终于改进制成“万能蒸汽机”，并广泛使用到工业领域。该过程表明，第一次工业革命期间生产领域的主要发明创造,取决于资金保障,依赖于科学理论的突破,源自于劳动实践,得益于各阶层广泛参与,C,C. 源自于劳动实践
9,1941年2月，以美国总统罗斯福代表身份来华的居里正式向蒋介石声明：“美国在国共纠纷未解决前，无法大量援华。中美间的经济、财政等问题不可能有任何进展。”这表明当时美国,反对国民党采取的反共政策,以中国内部纠纷为由拒绝对华援助,借助援助促成国共两党全力抗日,敦促国共两党放弃各自的政治主张,C,B
10,一位政治家在评价美国1787年宪法时，曾指出：“毫无疑问，我们的宪法之所以恒久，就在于它简洁。它是一块奠基石，而不是一座完美的大厦。”其意在肯定宪法,实践不受时代而调整,条文与体系的完备性,各项内容具有前瞻性,所蕴含的原则与精神,D,C. 各项内容具有前瞻性。
11,在古代雅典城邦，陪审法庭几乎可以审查当时政治生活中的所有问题，甚至包括公民大会和议事会通过的法令，并进行最终判决。这说明,判决体现权力来源,法律服从民众意愿,法律面前人人平等,全体公民参与政治,A,A. 判决体现权力来源。
12,第一个五年计划期间，苏联政府在各地组建了数千个拖拉机站。每个站配备一批拖拉机和联合收割机，农业机械化水平大大提高，但在接下来的几年里，农业并没有明显增产。造成这一后果的主要原因是,农庄没有土地所有权,农业正在进行集体化,农民缺乏生产积极性,农村缺少机械操作员,C,B. 农业正在进行集体化。
13,罗马法规定，在财产继承方面，若遗嘱被认为不符合人伦道德，遗嘱人的近亲可以提起“遗嘱逆伦之诉”，以请求撤销遗嘱。这一规定说明罗马法,对市民的财产自由进行限制,要求在继承关系中近亲优先,在实施过程中兼顾了社会民情,放松了对公民财产的继承保护,C,C. 在实施过程中兼顾了社会民情。这一规定说明罗马法在制定法律时，考虑到市民社会生活的实际情况，通过限制遗嘱人的近亲提起“遗嘱逆伦之诉”来保护公民的财产权益。
14,马克思主义经典作家指出，“尽管有这些(关税)保护措施，大工业仍使竞争普遍化了，大工业创造了交通工具……把所有的资本都变成为工业资本，从而使流通加速、资本集中”；“它首次开创了世界历史，因为它使每个文明国家以及这些国家中的每一个人的需要的满足都依赖于整个世界”。对此最恰当的理解是,自由竞争增强了工业资本的流通,交通工具扩大了工业文明的影响,工业革命促进了世界市场的形成,关税保护阻碍不了资本主义竞争,C,C. 工业革命促进了世界市场的形成。
15,19世纪60年代，总长度3万英里的美国铁路有多种轨距。南部采用铁路轨距以5英尺居多，北部采用最普遍的轨距四4.9英尺，部分地区采用6英尺、5、6英尺的轨距。这反映当时美国,战争破坏了基础交通设施建设,尚未形成成熟的同一国内市场,铁路部门是经济增长的主导部门,科技水平限制了制造业的发展,B,B
16,被贩卖至美洲的非洲奴隶逐渐适应了一个混合着欧洲、美洲和非洲各种因素的社会，他们将西非乐器、音乐、语言、宗教信仰和种植园生活融合在一起，在奴隶数量较多的地区最为常见的就是几种非洲语言和欧洲语言相混合的克里奥语。这主要是强调黑奴贸易,推动了不同文明的交流融合,隔断了黑人奴隶的文化传统,促进了欧美资本主义的发展,客观促进非洲文化的近代化,A,D
17,据记载，为使探险更有成效，西班牙国王曾答应哥伦布享有新大陆1/10的收入，允许麦哲伦船队拥有所发现的岛屿和大陆收入的1/20，后又增至1/15。这一记载说明,航海人才受到西班牙的重视,良好竞争机制促使探险成功,新航路开辟得益于王权支持,西班牙最早开展了航海探险,C,C. 新航路开辟得益于王权支持。
18,“1831年法拉第发现电磁感应定律，1864年麦克斯韦建立电磁理论，1888年赫兹发现电磁波。这些发现，引发了发电机、电动机、电报、无线电的发明。”材料说明,电气技术的革命改变了社会面貌,电力取代蒸汽动力已成为历史的必然,科学理论的突破推动电气技术的发展,电气技术发展是社会需要的结果,C,C
19,16世纪，英国自上而下地进行宗教改革，国王成为英国国教教会唯一的首脑。17世纪六七十年代，英国国王查理二世宣布实行宗教自由，强调英国国教教会的至尊地位。此举旨在,强化专制统治,落实《权利法案》,巩固君主立宪,促进信仰自由,A,B
20,1875年，法国共和派要求在宪法中明确写上“共和国”字样的议案被保皇派否决后，提出了一项宪法修正案：“共和国总统，由参议院与众议院联合而成的国民议会，依绝对多数票选出。”该议案以一票多数获得通过。由此可见：a 保皇派复辟的道路就此在法律上被阻断；b 共和政体在法律上得以确立起来；c 共和政体是保皇派与共和派妥协的产物；d 总统和参议院权力很大,ad,bcd,bc,acd,C,B. bcd
21,1987年，英、法、意等12国签署了单一欧洲文件，一致同意制定共同的生产标准，消除资本流动的障碍，寻求统一的税率，相互承认别国颁发的专业和商业执照，学科&网遵守共同的劳动权利宪章。各国将共同创建一个“没有国界的欧洲”。该文件的签署,表明了欧洲政治一体化的实现,为欧盟成立奠定基础,欧元发行扫清障碍,启动了欧洲经济的多领域合作,B,B. 为欧盟成立奠定基础。
22,美国政治家基辛格在1973年指出：“（世界）在经济方面，至少已出现五个主要集团。从政治上看，更多的势力中心已经出现……”材料表明，基辛格认为,两极格局即政治、经济两极,基辛格反对美苏两强霸权,世界出现多极化趋势,美苏国际政治、经济竞争局势激烈,C,C. 世界出现多极化趋势。
23,共和党人艾森豪威尔成为美国总统后说：“如果任何政党试图要废除社会保障、劳工法和农场项目，那你就不会在美国历史上再听说这个政党了。”这反映出艾森豪威尔的主张,与民主党政策逐渐趋于一致,受到罗斯福新政的影响,强调国家对经济的干预,延续了共和党传统经济政策,B,B. 受到罗斯福新政的影响
24,20世纪70年代中后期，法国国内生产总值年平均增长率由2.6%下降到1.3%，物价上涨了1倍。1981年，密特朗就任总统后，推行包括国有化在内的一系列措施，其结果,推动了通货紧缩,实现了物价下降,加剧了经济恶化,放弃了经济自由,C,C. 加剧了经济恶化
25,有经济史学家估算，16～18世纪，荷兰与英国人均GDP年增长率均高于同时代的其他国家。这一时期荷、英经济的高增长均得益于：a 资本市场的发展；b 世界工厂地位的确立；c 资本主义世界体系的建立；d 海外殖民掠夺,bc,cd,ad,ab,C,D. ab
26,历史学家哈需德夫妇说：“工业革命带来了物质力量的极大发展，也带来了物质力量相伴着的无穷基于。然而，这次变革并没有能建立起一个更幸福、更合理、丰富有自尊心的社会；相反，工业革命使千百万群众身价倍落，而迅速发展山一种一切都为利润牺牲的城市生活方式。”作者在这里主要表述的是,工业革命的全部目标在于发展现代经济,工业革命使西方国家迅速完成了城市化,社会文明进步应体现社会整体均衡发展,工业资产阶级实力壮大但没有政治权利,C,C. 社会文明进步应体现社会整体均衡发展。
27,在英国，狭窄的铁路跨过像绿色海洋一样的乡间，把沿途被装进火车里的英国人民，抛进城门口越来越稠密的人群之中。这一现象反映了工业革命,促进农业快速发展,推动城市化进程,缩小城乡差距,加速农村城镇化进程,B,B. 推动城市化进程
28,恩格斯在评价某一文学艺术流派时说：“除细节的真实外，还要真实地再现典型环境中的典型人物。”属于这一流派的作品是,《西风颂》,《哈姆雷特》,《等待戈多》,《人间喜剧》,D,D
29,1875年以后，法国确立了共和政体，议会处于政治运行的中心，党派林立，内阁更迭频繁。1958年，戴高乐就任总统，修改宪法，规定总统拥有任命总理、解散议会等权利。这一政治体制的变化,有助于两党制的形成,剥夺了议会的主要权力,确定了总统国家元首的地位,有利于政局稳定,D,D. 有利于政局稳定
30,西班牙在美洲的主要黄金来源地是新格拉纳达。到 1600 年，从这里出口了 400 多万盎司的黄金。新格拉纳达的黄金产量逐步上升，到 18 世纪，其产量约为 16 世纪产量的三倍。这些黄金的流入直接导致西班牙,物价上涨，冲击封建生产关系,资本积累，引发本国工业革命,贸易发达，成为世界市场中心,国力增强，确立世界霸主地位,A,A. 物价上涨，冲击封建生产关系
31,列宁在某次演讲时说:“这个革命的意义首先在于我们将拥有一个苏维埃政府，……被压迫的群众将亲自建立政权，旧的国家机构将被彻底打碎，而新的管理机构即苏维埃组织将建立起来。这里所说的“革命”是指,执行战时共产主义政策,彼得格勒武装起,二月革命推翻沙皇专,公开发表《四月提纲》,B,C. 二月革命推翻沙皇专制统治。
32,1933年，罗斯福总统签署田纳西河流域管理局法案，实施对该流域的综合治理与全面发展计划。其“代表现代政府中一种真正新颖而富于想象力的设计。……它将不受那些不相干的国家界限的禁制，而且将是独立经营的、政府所有的公司”。这种经营方式,具有私营企业的某些灵活性,改变了田纳西河流域国有制,抑制垄断资本主义的发展,表明国家放弃对企业干预,A,B
33,古代雅典法律规定：如果公民试图自杀，必须事先提出申请，以获得批准；未经允许的自杀被视为犯罪行为。这反映出在古代雅典,法律体系已达到完备的程度,自杀有违崇尚自然法则的理性精神,法律具有尊重生命价值的人文精神,公民个人自由受到严格限制,D,C. 法律具有尊重生命价值的人文精神。
34,翻开美国历史，共有九位总统在众议院遭到提案弹劾。其中1974年7月，众议院司法委员会投票通过了弹劾总统尼克松的三条罪状，即阻碍司法工作、滥用总统职权和蔑视国会传调录音带的命令。这表明,总统成为政治斗争的牺牲品,国会的权力高于总统的权力,众议院具有普遍的民主性,分权制衡有利于权力监督,D,D
35,二战后期，美国积极推动联合国和布雷顿森林体系的建立；1949年组建北大西洋公约组织；1951年签订《日美安全保障条约》。这反映了美国企图,建立美国主导的国际秩序,将本国利益凌驾于他国利益之上,以合法的武力干涉别国内政,全面控制西欧与日本,A,A. 建立美国主导的国际秩序
36,保罗·约翰逊在《现代：从1919到2000年的世界》中写道：“（20世纪）80年代，人类刮起了一场巨大的求变之风……80年代成为当代史的分界线。民主精神恢复了自信，开始广泛传播。”这场“求变之风”对世界产生的深远影响是,加快了西方政治民主化进程,壮大了国际社会主义力量,改变了世界政治格局,导致社会主义阵营瓦解,C,C. 改变了世界政治格局
37,雅典的陶片放逐法规定，每年召开 特别的公民大会，投票决定将那些严重威胁民主政治的人流放海外。据此，下列行为中可能使公民遭到流放的是,为赢得个人政治声望资助贫穷公民,不按时参加公民大会,不同意授予外邦人公民权,拒绝参加城邦举行的戏剧表演,A,B
38,宗教改革时出现的新教，英文为Protestantism，直译“抗议宗”。这里的“抗议”是指,抗议贵族的权威,抗议国王的权威,抗议《圣经》的权威,抗议天主教会的权威,D,D. 抗议天主教会的权威。
39,英国人史蒂芬孙曾亲自驾驶新设计的“旅行”号机车，牵引着6节煤车和20节客车厢，奔驰在英格兰斯托克敦至达林敦之间的商用铁路上，宣告了“铁路时代”的到来。这一事件发生在,第一次工业革命时期,新航路开辟时期,手工工场时期,第二次工业革命时期,A,A. 第一次工业革命时期。
40,列宁在晚年时指出：“毫无出路的处境十倍地增强了工农的力量，使我们能够用以与西欧其他一切国家不同的方法来创造发展文明的条件。”这里“与西欧其他一切国家不同的方法”指的是,苏联建立高度集中政治模式,俄国爆发十月革命，走社会主义发展道路,俄国进行“二月革命”，走资本主义发展道路,苏联采用联邦制,B,B. 俄国爆发十月革命，走社会主义发展道路。
41,“尽管罗马法律在妇女继承财产上做了严格限制，但一些聪明人往往能找到法律的漏洞……随着罗马在地中海地区的扩张，妇女们也开始占有大宗财产。……许多妇女管理着家庭的财政事务和大地产。”这段话表明,罗马法关于财产关系的规范不够严密,妇女的财产继承权富有自然法的精神,妇女的财产占有体现公民法的灵活性,妇女在家庭中的地位逐渐与男子平等,A,A. 罗马法关于财产关系的规范不够严密。
42,有学者认为：“伴随着冷战的结束，最直接、最明显的损失是两个前超级大国建立的联盟体系的消失。……全球失去了对混乱和暴力的威慑，相应的，世界的未来少了一种确定性。”对材料观点概括最准确的是,动荡的国际局势需要建立单极霸权,“冷战”结束后新的国际力量对比尚未定型,结束美苏“冷战”不利于国际社会的稳定,美苏联盟体系曾经维护了世界和平,B,B. “冷战”结束后新的国际力量对比尚未定型。
43,在1543年出版的《天体运行论》中，哥白尼提出太阳是宇宙的中心；在1859年出版的《物种起源》中，达尔文提出了生物进化理论。两种学说的共同意义是,奠定了资产阶级革命的思想基础,肯定了人的价值和尊严,提供了观察世界的新视角,推动了近代科学体系的形成,C,C. 提供了观察世界的新视角解析：A项：太阳中心说和生物进化理论并不是为资本主义革命提供思想基础，两者之间没有直接联系。B项：哥白尼的太阳中心说和达尔文的生物进化理论各自肯定了人的价值和尊严，但这一点不是两者共同意义。C项：两种学说都为人类提供了观察世界的新视角，改变了人类对世界和自身的认识。D项：太阳中心说和生物进化理论虽然推动了近代科学体系的形成，但这并不是两者共同意义。
44,新航路开辟后，英国人从《圣经》中找到依据，认为其在非洲起到的作用是拯救黑人，理由是非洲有用战俘作祭祀的习俗，非洲黑人被贩卖到美洲为奴等于逃过一死，因此他们是奴隶贸易的受益者。这可以用来解释,葡萄牙等国家的衰落,西欧殖民扩张的步伐,英国人为从事奴隶贸易找借口,英国成为“日不落”帝国的原因,C,C. 英国人为从事奴隶贸易找借口
45,19世纪法国政治思想家托克维尔说美国“既像一个小国那样自由和幸福，又像一个大国那样光荣和强大”。托克维尔评说的美国精神与形象主要源于,联邦制原则,分权制衡原则,中央集权原则,两党制原则,A,A. 联邦制原则。托克维尔在《论美国民主》一书中，对美国民主制度进行了高度评价，认为美国既像一个小国那样自由和幸福，又像一个大国那样光荣和强大。他肯定的是美国民主制度的联邦制原则，即地方与中央的关系，符合题干要求。
46,某位学者比较近代史上两种政治经济制度，指出：“‘乙主义’可算是因著‘甲主义’而产生的一种变态。‘甲主义’提倡各种经济因素公平而自由的交换，是以个人的私利观作主宰。‘乙主义’则从整体利益出发，以政治力量强迫消灭私有经济，干预生产经营。”上文中，“甲主义”、“乙主义”分别是指,共产主义、新保守主义,法西斯主义、共产主义,封建主义、资本主义,资本主义、共产主义,D,A. 共产主义、新保守主义
47,对于即将参加的某国际会议，学.科网中国代表团定下的外交基调是:争取越南南北以北纬16度线为界实现停战，促使法军撤出，反对美国干涉。这次国际会议是,日内瓦会议,第一届不结盟政府首脑会议,第26届联合国大会,万隆会议,A,A. 日内瓦会议
48,卢卡契在评论19世纪某一作家时认为：“(他的)伟大之处在于，尽管他有那些政治与意识形态上的偏见，他依然用未受污染的眼睛观察所产生的矛盾，并忠实地描述它们。”据此判断，这一评论所指的作家是,薄伽丘,巴尔扎克,莎士比亚,拜伦,B,D. 拜伦。
49,20世纪初，英国首相阿斯奎斯说：“我们现在有一个牢固确立了两百年的传统，即归根到底，王位的占有者接受其大臣的建议并据此行事。”这一传统的确立，使一个以小农业和手工业生产为主的国家变成了一个典型的资本主义国家，成为欧洲各国效仿的对象。各国效仿的理由是,英国“光荣革命”宣告了欧洲新社会政治制度的诞生,殖民主义深刻影响了英国“世界工厂”的地位,英国经济上的成就得益于其制度设计,英国启蒙思想奠定了资产阶级民主主义政治的理论基础,C,C. 英国经济上的成就得益于其制度设计。
50,1928年初，斯大林视察西伯利亚农村后说，苏维埃制度不能长久建立在两种不同的基础上，即“联合的社会主义工业化的工业和以生产资料私有制为基础的个体小农经济”。这种认识在实践中体现为,实行农业生产关系改造,加快重工业的发展速度,提出了第一个五年计划,建立城乡市场交换关系,A,A. 实行农业生产关系改造。
51,由于德国资本主义起步晚，在向资本主义进军的过程中，封建容克和军阀领势力强大，加之是封建容克和军阀领导的王朝战争实现了德国的统一，为德国的发展创造了条件。因此其宪法带有封建和军国主义残余，是因为,是没有彻底手术留下的毒瘤,是资产阶级力量弱小的反映,是德国人民对封建容克和军阀的奖励,是当时德国发展的客观需要 ,A,D
52,尤尔根·哈贝马斯在《包容他者》一书中称“欧盟条约承认成员国的独立和主权，因此，欧盟有义务尊重每一个成员国的民族认同”，同时指出：“未来欧洲联盟的合法性，在于所有成员国的共同利益，而不在于欧洲的民族自决意识，一个单一的欧洲民族在政治上是不存在的。”材料认为,民族利益成为欧洲一体化的主要障碍,欧盟以尊重成员国利益为主要目标,欧盟体现了统一性和多样性,欧洲一体化进程艰难,C,C. 欧盟体现了统一性和多样性。
53,1858年，第二次鸦片战争正在进行，洪秀全写了一份御诏给英国特使额尔金，翻译官很艰难地把它译成英文，额尔金看后认为这是一个非常奇特的作品，这份御诏充满着像“西洋番弟把心开，替天出力该又该，替爷替哥杀妖魔，报爷生养战胜回”这样的词句。这反映了当时,列强侵略导致民族危机加重,强国御侮成为思潮,中外反动势力勾结,国内阶级矛盾激化,D,A. 列强侵略导致民族危机加重。
54,“它站起来反对18世纪的古典主义、启蒙思想、理性思想以及这些领域内的秩序”，强调“对自然之爱、上帝精神存在和感情力量之间的联系”。最符合上述创作倾向的作品是,《母亲》,《巴黎圣母院》,《人间喜剧》,《老人与海》,B,B. 《巴黎圣母院》。这部作品站起来反对18世纪的古典主义、启蒙思想、理性思想以及这些领域内的秩序，强调“对自然之爱、上帝精神存在和感情力量之间的联系”。
55,1990年5月5日开始，民主德国、联邦德国以及苏美英法四国的代表在莫斯科签署了《关于最终解决德国问题的条约》，条约规定：四个占领国放弃占领德国的权利和责任，解散与此规定相关的一切机构。这一现象,改变了欧洲政治版图,是美苏争霸结束的表现,说明德国再次正式实现统一,标志着东欧剧变的开始,A,C. 说明德国再次正式实现统一。
56,古希腊悲剧《被缚的普罗米修斯》讲述的是，普罗米修斯为人类盗取火种而遭到主神宙斯的惩罚的故事，剧中借普罗米修斯之口说:“说句老实话，我憎恨所有的神”该剧深受雅典人的喜爱，这反映当时雅典人,注重物质生活,宗教意识淡薄,强调人的价值,反对神灵崇拜,C,C. 强调人的价值。古希腊悲剧《被缚的普罗米修斯》反映了当时雅典人强调人的价值的思想。剧中借普罗米修斯之口说：“说句老实话，我憎恨所有的神”，表明了人类对神的不满，渴望获得自由和独立。这也反映了当时雅典人崇拜英雄、强调个人价值和人类精神的特点。
57,经济史学家认为，英国工业革命基本上是无意向性的、群众自发的社会经济现象，它不是由国家运用政治权利组织和推动的，这一自发经济现象首先兴起于英国当然有其社会人文因素。他们的依据是英国,逐步成为世界工厂,科学技术的大突破,市场需求的增长,君主专制的削弱,C,C. 市场需求的增长
58,从18世纪起，欧洲主要国家因为“纺织机器、采矿、炼铁设备及交通工具的改造或发明，”所以“19世纪的人口大量集中到城市，并且产生各种新问题”。这段叙述从“因为”到“所以”之间，至少增加哪一段论述才能使前后因果关系完整？,新型工厂制产生,传统精密制造业吸引投资意愿,自由放任的经济政策兴起,马克思阶级斗争理论的影响,A,A. 新型工厂制产生。
59,从1951年欧洲煤钢共同体的组成到1957年六国建立欧共体，到1993年拥有12个成员国的欧洲联盟，到2002年欧元的启动，成员国扩大到15个。这一过程反映了,欧洲各国的经济实力增强,经济合作仍然是欧盟主流,欧洲一体化程度逐步加深,欧盟推动了世界格局变迁,C,C. 欧洲一体化程度逐步加深。
60,“‘分裂之家不能持久。’我相信我们的政府不能永远忍受一半奴役一半自由的状况。”此言论应出自,亚历山大二世,明治天皇,俾斯麦,林肯,D,D. 林肯解析： splitting house cannot last long. “我相信我们的政府不能永远忍受一半奴役一半自由的状况。” 这句话说明该人反对奴隶制度，认为国家应该禁止奴隶制度，维护国家的统一。结合美国历史上的奴隶制废除运动，我们可以判断出这个言论应出自美国第16任总统亚伯拉罕·林肯。
61,“在（西欧）各国皆弱、唯美国独强之际，美国人天生的领袖意识……使它们不能袖手安坐，它们决计乘此千载难逢的历史机遇，有所作为。”“作为”的表现是,成立北美自由贸易区,加强国家对经济的干预,提出发展经济的马歇尔计划,与苏联展开军备竞赛,C,A. 成立北美自由贸易区。
62,20世纪美国“最出色”的外交家乔治·凯南在1946年说：“我们面对着一个政治力量，它狂热地坚信和美国之间不可能有永久性的妥协办法。”次年，他告诫美国应该奉行一个长期的对苏政策，并要保持“坚定与耐心”。这些言论,夸大了美苏之间的分歧,力图缓和与苏联之间的关系,批评了冷战政策,力主对苏联采取遏制政策,D,D
63,为了对付三国同盟，重新瓜分殖民地，1892年法俄签署协约，这意味着双方已经放弃了意识形态的分歧——法国代表激进，而俄国代表反动和独裁。之后“法国资本源源不断地输进俄国，而沙皇则伸出头去倾听《马赛曲》”。从根本上说，法俄签署协约的目的是,维护世界和平,争夺世界霸权,制造局部冲突,维持欧洲现状,B,B. 争夺世界霸权。
64,电影往往是社会现实与舆论的一种反映。1943年，好莱坞拍摄了一些歌颂苏联的电影，比如《光荣的日子》《出使莫斯科》等。1948年，苏联对美国的威胁成为好莱坞电影的重要主题之一，这类影片有《铁幕背后》《红色威胁》等。与这一时期电影主题转变相关的政治背景有：a“杜鲁门主义”的提出；b北大西洋公约组织成立；c联合国成立；d不结盟运动兴起,ad,bc,cd,ab,D,B
65,某学者认为:他们摆脱了对上帝的恐惧，但是仍然对神表现出尊敬的态度。他们嘲笑六天创造世界的观念，但是仍然相信宇宙是上帝按照理性计划设计的完美结合的机器，是人类永久居住的场所。“他们”是,启蒙运动时期的思想家,文艺复兴时期的文学家,进化理论的倡导者,宗教改革的发起者,A,A. 启蒙运动时期的思想家。
66,法国史学家索布尔认为，从某种角度而言，法国大革命大大超过了以往的历次革命，包括英国革命和美国革命。可以用来说明这一观点的是，在启蒙思想的指导下，法国大革命,以社会平等为首要目标,根除了专制复辟危险,以暴力为革命主要方式,创建了民主共和政体,A,A. 以社会平等为首要目标。
67,1989年11月26日苏联《真理报》发表文章说：“如果说在初期我们认为这基本上指的是纠正社会机制的部分扭曲现象，只是完善过去几十年间形成的、已经完全定型的制度的话，那么，现在我们说，必须根本改造我们的整个社会大厦：从经济基础到上层建筑。”这意味着苏联改革,全面推进苏联的社会主义建设,正式建立社会主义市场经济体制,全盘否定苏联的社会主义历史,全面否定了斯大林体制的弊端,C,C. 全盘否定苏联的社会主义历史
68,第一次世界大战期间，一些青年艺术家在瑞士组成艺术群体“达达派”。他们用纸片、抹布、电车票、火柴盒等进行创作，甚至把瓷质的小便器命名为“喷泉”搬上展览会。这类作品,遵循了写实原则,突出了理性思维,表达了幻灭反叛,抒发了浪漫情怀,C,B. 突出了理性思维。达达派是第一次世界大战期间的一个艺术群体，他们反对战争，强调理性思维，认为艺术应该与生活紧密联系，而不是孤立于社会生活之外。他们以简单、直接、甚至荒谬的方式进行创作，试图表达世界的荒诞性和战争的残酷性。因此，达达派艺术作品突出了理性思维。
69,罗马共和国早期，当罗马遭受外族进攻时，平民曾多次将自己组织的队伍撤离罗马，拒绝作战，迫使贵族在政治上做出让步。《十二铜表法》的制定就是这种斗争的成果之一。可见当时,贵族逐步丧失制定法律的主导地位,平民与贵族的政治诉求日趋一致,平民采取有效方式争取自身权益,贵族让步在法制发展中起决定作用,C,C. 平民采取有效方式争取自身权益。
70,《全球通史》指出：“几十年前还统治全球的欧洲大陆的前途这时似乎是暗淡的、危险的。但20世纪50年代后后东欧和西欧各国却惊人的东山再起……这实质上意味着全球地方主义的恢复——至少从政治上来看是如此。”这段材料中“全球地方主义的恢复”的寓意是,区域集团化的趋势已经形,世界已呈现政治多极化趋势,两极格局已经被打破,经济全球化趋势不断加强,B,B
71,俾斯麦企图建立一种特殊的德意志型的立宪议会制度，以达到保持普鲁士王朝政治统治优势之目的。这种设想在1871年统一的德意志帝国宪法中加以定型。下列能体现这一目的的正确选项是,联邦议会由民选产生,宰相对联邦议会负责,帝国皇帝有主宰议会之权,帝国议会掌握着立法大权,C,C. 帝国皇帝有主宰议会之权。
72,日本军部在1907年上奏天皇的奏折中，把美国列为第二号假想敌；1923年又将其改为头号假想敌。美国军方1913年正式提出了以日本为敌人的“橙色作战计划”；巴黎和会后，美国对该计划给以更多的注意，并进一步考虑加强在夏威夷、关岛和菲律宾群岛的设防。这些行为说明,美国推行“门户开放”政策,一战前后美日加强各自防御,日美加紧争夺亚太地区,日本实施“大东亚共荣圈”计划,C,C. 日美加紧争夺亚太地区
73,1702年英国国王威廉二世去世，安妮女王继位，当时议会内部存在两个党派，安妮延误占多数席位的辉格党，于是解除了辉格党人的行政要职，代之以托利党人。这说明当时在英国,议会无权制裁国王,君主立宪制尚未完善,《权利法案》遭到破坏,内阁制已基本确立,B,B. 君主立宪制尚未完善。
74,美国1787年宪法规定，国会分参、众两院．参议院由各州议会分别选派两名参议员组成，众议院议员按人口比例由各州选民普选产生，每两年选举一次。这些规定体现了,众议院主导联邦的立法权力,联邦制与菇和制的原则,各州根据人口分享联邦权力,参议院代表少数人利益,B,B. 联邦制与菇和制的原则。美国1787年宪法规定，国会分参、众两院，参议院由各州议会分别选派两名参议员组成，众议院议员按人口比例由各州选民普选产生，每两年选举一次。这些规定体现了联邦制与均权制的原则。
75,英国天主教神甫威廉·廷得尔因希望英国教徒可以自由阅读《圣经》而将其翻译成英文，结果于1524年被控有异端嫌疑，被迫流亡。由此可知，他,维护教皇权威,倡导信仰自由,主张圣像崇拜,支持宗教改革,D,D. 支持宗教改革解析：题干中提到威廉·廷得尔希望英国教徒可以自由阅读《圣经》，这与教皇权威产生冲突，说明他反对维护教皇权威，因此A选项错误。倡导信仰自由与题干内容无关，排除B选项。圣像崇拜也与题干无关，排除C选项。最终答案为支持宗教改革。
76,1947您，美国国务卿马歇尔提出援助欧洲复兴计划，并督促欧洲国家方面现先拟定一项联合性质的计划，要求该计划急事不能得到所有欧洲国家的同意，也应征得一部分国家的同意，马歇尔计划体现出来的美国对欧洲政策,导致欧洲出现对峙,成为德国分裂的根源,促成了欧洲平等伙伴关系,有利于煤钢联营的建立,D,D
77,公元6世纪东罗马帝国皇帝钦定的法学教科书中说：“皇帝的决定也具有法律效力，因为根据赋予他权力的王权法，人民把他们的全部权威和权力移转给他。”这说明,王权法丧失了法律效力,《社会契约论》影响深远,古罗马有重视法律的传统,古罗马皇帝崇尚“君权神授”,C,C. 古罗马有重视法律的传统。
78,有史学家写道：在危机中，新教和其他力量站在法律和议会一边，而君主则把政治命运押在罗马天主教会身上，最后制定法律的议会战胜了国王。他描述的是,德意志王朝战争,美国独立战争,英国“光荣革命”,法国大革命,C,C. 英国“光荣革命”
79,美国历史学家包弼德在《唐宋转型的反思——以思想的变化为主》中认为宋代标志了中国历史现代性的开端，但同时也出现了逆现代性的因素。以下属于宋代“逆现代性”的是,世俗文化蓬勃发展,社会流动更趋频繁,货币经济地位提高,皇室权威更趋强化,D,D
80,1950年，美国总统在国会发表有关东亚情势的演说：“共产主义者在韩国所作所为，就如希特勒、墨索里尼和日本在10年、15年和20年前所做的一样。我敢肯定，假如让南韩沦陷，共产党的领袖便会变本加厉，进而攻击我们邻近的国家。”这位总统在演讲之后随即采取了哪一种亚洲政策,为避免骨牌效应而开始军援南越对抗共党,援助并借重台湾国民党军队协助南韩反攻,不待联合国的安理会表决即断然出兵南韩,视共产中国为大国而采取强硬的围堵政策,D,C. 不待联合国的安理会表决即断然出兵南韩
81,法国政治思想家托克维尔在《论美国的民主》中说：“美国的联邦宪法，好像能工巧匠创造的一件只能使发明人成名发财，而落到他人之手就变成一无用处的美丽艺术品。”这句话着重强调美国联邦宪法,具有借鉴意义,创造了新的宪法体制,促进了资本主义发展,不具有普适性,D,D
82,贝多芬历经法国大革命前后欧洲社会剧变，给后人留下震撼人心的音乐史诗。对其《第三（英雄）交响曲》解读有误的是,作品有田园风光般的抒情,作品充满时代气息,作品具有英雄史诗般的雄伟气势,作品含蓄地献给一位无名英雄,A,A
83,美国学者亨廷顿说：“美国是目前世界上唯一的超级大国，在解决重大国际问题时，如果没有其他大国合作，美国也孤掌难鸣。……大国在解决国际重大问题时所采取的联合行动如若得不到美国的支持，这种行动也是劳而无功的。”以上关于世界格局的表述可概括为,诸强争霸的世界政治格局,单极加多极的世界格局,实力相当大国并存的多极格局,美国称霸世界的单极格局,B,C. 实力相当大国并存的多极格局
84,1948年2月，美国的一份报告称，美国拥有世界财富的50％，却只有世界人口的6.3％。在这种形势下，美国的任务是设计一种在不危及美国国家安全情况下。保持这种优势的“关系模式”。能够体现这一“关系模式”的是,对欧洲进行经济援助,实行贸易保护主义,成立北大西洋公约组织,确立并维护世界货币体系,D,D. 确立并维护世界货币体系
85,“（在希腊）流通中发展起来的交换价值过程，不但尊重自由和平等，而且自由和平等是它的产物；它是自由和平等的现实基础。”这实质上反映了在古希腊,海外贸易活动推动了平等观念形,商业贸易尊重自由和平等的原则,商业平等是政治平等的现实基础,商业上自由平等影响了政治理念,D,D
86,古希腊诗人西摩尼德斯写道：“德行／住在难攀登的高山／……求知，智慧，向善／才能登上这人性之巅。”下列观点与该句最为契合的是,“人是万物的尺度”,信奉圣经，献身上帝,“美德即知识”,社会秩序建立在约定上,C,C. “美德即知识”
87,有人在1877年号召民众为当前政体的形式和宪法的完整性而战，并指出这是1789年革命的继承者同旧制度特权等级的残余及罗马神权政治代理人之间的斗争。“当前政体”是,共和制,无产阶级专政,君主立宪制,君主专制,A,A. 共和制。
88,孟德斯鸠认为，共和政体是全体人民或仅仅一部分人民握有最高权力的政体；君主政体是由单独一个人遵照固定的和确立了的法律执政；专制政体是按一个人的意志行使权力。他主张实行的政体是,贵族共和,民主共和,君主专制,君主立宪,D,D. 君主立宪。孟德斯鸠认为，共和政体是全体人民或仅仅一部分人民握有最高权力的政体；君主政体是由单独一个人遵照固定的和确立了的法律执政；专制政体是按一个人的意志行使权力。他主张实行的政体是君主立宪。
89,“一般的法律是人类的理性，各国的法律是人类理性在特殊场合的适用”。持以上观点的启蒙思想家是,孟德斯鸠,卢梭,伏尔泰,狄德罗,A,D. 狄德罗。
90,20世纪50年代中期，美国一位著名黑人爵士乐演唱家，在美国新闻署的资助和安排下，多次赴美洲等地巡演，赢得了大量歌迷，很多人通过她的演唱知道了美国。美国政府机构支持该演唱家海外巡演的主要目的是,争取国内黑人选民支持,展示美国的经济实力,抵制不结盟运动的发展,与苏联争夺中间地带,D,D. 与苏联争夺中间地带。
91,近代某画家的油画中这样描绘:画面中央矗立着天主教堂，它的塔尖直指天空;画面下方是一群卑微的人，正在河边工作;右边是幽静的小镇和高高的拱桥;天上的云彩和落日似乎在保佑着教堂和小镇。这一切让人显得格外渺小。有学者认为，该画充满对自然的赞美，富有宗教神秘感。据此判断这幅画属于,浪漫主义流派,现实主义流派,印象主义流派,现代主义流派,A,A
92,公元前406年，雅典取得阿基纽西海战胜利，但也造成了数千士兵因船破沉没溺水身亡。在随后的公民大会上，指挥这次战役的6位将军被指控救援不力。在没有听取6位将军个人申辩的情况下，就将他们判处死刑。这反映了当时雅典,被告人没有法庭申辩权利,公民大会的决定具有至上权威,公民大会掌握城邦目法权,军队与公民大会之间存在冲突,B,B
93,苏格拉底说，一条船，应由熟悉航海的人驾驶：纺羊毛时，妇女应管理男子。最优秀的人是能够胜任自己工作的人。苏格拉底这些话的政治意图是,宣扬人文精神,主张人民主权,提倡妇女参政,反对轮番而治,D,D
94,德国文学家歌德说，罗马法“如同潜入水下的一只鸭子，虽然一次次将自己隐藏于波光水影之下，但却从来没有消失，而且总是一次次抖擞精神更饱满地重新出现”，对此的正确理解应是，罗马法,所维护的民主制度历史影响深远,为欧洲近代社会确立了行为规范,不断地改变了欧洲历史发展方向,是近代欧洲大陆国家法律的基础,D,C. 不断地改变了欧洲历史发展方向。
95,列宁说：“毫无出路的处境十倍地增强了工农的力量，使我们能够用与西欧其它一切国家不同的方法来创造发展文明的根本条件”。十月革命“用与西欧其它一切国家不同的方法”的含义是,开创了国际社会主义运动的新局面,以社会主义的方式推进国家的现代化,采用暴力革命的方式来夺取政权,利用商品、市场和货币关系发展经济,B,B. 以社会主义的方式推进国家的现代化。
96,美国总统威尔逊曾这样说道：“金融领导地位将属于我们，工业首要地位将属于我们，贸易优势将属于我们，世界上其他国家期待着我们给以领导和指引。”美国实现这一意图是在,威尔逊时期,杜鲁门时期,罗斯福时期,肯尼迪时期,B,A. 威尔逊时期。
97,1802年英国出台第一部《工厂法》，法律规定：9岁以上的儿童每天可以工作8小时，14岁以上的儿童每天可以工作12小时；他们不能在凌晨6点之前工作，他们睡觉的时间不能晚于凌晨2点。由此可以推断,工人罢工斗争赢得了合法权益,工业革命中工人生存状况恶劣,工厂规范化和制度化体系出现,工厂主注重保障儿童正当权益,B,C. 工厂规范化和制度化体系出现。
98,“工业革命改变了英国的社会结构，经济的持续增长造成中等阶级与工人阶级力量的壮大，贵族、大地主的地位与经济实力都大为下降了，但他们仍把持政治权力，造成权力分配与社会力量对比高度脱节的状态。”为了解决这种“状态冶，英国在政治上,颁布《权利法案》，确立了议会主权,改革议会制度，中等阶级更多参政,建立内阁机构，限制国王的行政权,发动光荣革命，与新贵族阶层妥协,B,B. 改革议会制度，中等阶级更多参政
99,1952年到1964年，苏联政府收购谷物的平均价格指数提高了7.48倍，收购畜产品的价格指数提高了15.69倍。这是,适应“加速发展战略”的需要,推行农业集体化导致的变化,调整农业政策的结果,应对世界农产品价格波动的措施,C,B 推行农业集体化导致的变化。
100,列宁指出：“在经济战线上，由于我们企图过渡到共产主义，到1921年春天我们就遭到了严重的失败。”此“严重的失败”的主要原因是,苏维埃政权农业税过重,苏俄敌对势力十分强大,分配领域的实物配给制,苏俄政策严重脱离现实,D,D
101,有研究认为，美国独立后不到半个世纪，拉丁美洲经过独立战争，推翻了殖民统治，但拉美国家并没有像近邻美国那样独立后进入现代化的快车道，而是发展停滞，究其原因，殖民统治难辞其咎。“难辞其咎”主要是指殖民者在拉丁美洲,进行了大量的移民,奴役掠夺土著居民,建立的殖民统治最早,移植了本国生产方式,D,B. 奴役掠夺土著居民
102,古希腊城邦雅典的公共墓地主要用于埋葬牺牲的战士，城邦为他们树立墓碑，刻上所有牺牲者的名字，但并不写明他们的家世。这旨在强调,血缘对城邦维系的作用,军事对城邦的重要性,共同的宗教信仰,城邦公民的平等,D,D
103,当代美国政治理论家罗伯特·达尔指出：“在民主国家，政治和官僚精英力量固然强大，远胜于普通公民，但他们还不是专制君主。”这表明,政治精英危害公民基本权力,“主权在民”的观念不断强化,民主国家难以避免君主专制,政治和官僚精英权力受到制约,D,D
104,美国1787年宪法制定出来以后，本杰明•富兰克林说：“我承认我对这部宪法中的好几个部分并不认同，但这并不意味着我永远都不应该同意让其通过，我认为这个系统已经接近完美，而且我认为它也会让我们的敌人感到震惊。”材料表明,在制宪过程中各州存在着冲突,美国制宪主要是为了一致对外,该宪法加强了中央政府的权力,各州对制定宪法存在严重分歧,A,D
105,马克思说：“美洲金银产地的发现，土著居民被消灭、被奴役和被埋葬于矿井。对东印度开始进行的征服和掠夺，把非洲变成商业性的掠夺黑人的场所，……这一切标志着资本主义时代的曙光。”材料说明了,殖民扩张与掠夺加快了资本原始积累,殖民扩张传播着资本主义的生产方式,黑奴贸易促进美洲资本主义经济产生发展,殖民扩张为殖民地造成了沉重灾难,A,A. 殖民扩张与掠夺加快了资本原始积累。
106,“梭伦促进了两个阶级之间的妥协。”如，梭伦改革虽对土地数量有所限制，但却没有像平民所希望的那样剥夺贵族的土地。下列各项，能够正确反映上述观点且符合史实的是,既照顾了平民利益又维护了贵族部分特权,既废除了平民债务又未归还平民原有土地,既禁止了人身抵押又未规定个人土地限额,既解放了债务奴隶又保留了旧的社会等级,A,A. 既照顾了平民利益又维护了贵族部分特权
107,雅典城邦任何公职人员，无论地位多高，皆不能离开公民大会而擅自决定政务大事。他们都处于公民大会和五百人会议的经常督察监视之下，若公民大会认为他有失职守，皆依法惩处。这反映了古代雅典,公民大会负责审理大部分案件,从制度上防止专制以维护民主,最高权力机关由直接选举产生,各权力机构之间相互制约平衡,B,B
108,美国前国务卿杜勒斯说，如果亚非国家养成一种在西方缺席的情况下经常开会的习惯，由于有众多的人口，印度和中国无疑将控制局面，这可能最终形成一个反对西方的集团。他希望这次会议开不起来。杜勒斯针对的是,恢复中国在联合国合法席位的“联大”会议,以“求同存异”促进会议成功的万隆会议,倡导和平共处五项原则的中印会谈,和平解决印度支那问题的日内瓦会议,D,B. 以“求同存异”促进会议成功的万隆会议。
109,罗斯福新政在当时的美国遭到了有些人的尖锐批评，有的讽刺《全国工业复兴法》是从共产党宣言中抄来的，有的说“新政”是“披着自由主义外衣的法西斯”。上述言论在本质上反映了,新政侵蚀了白由主义根基,罗斯福政府丧失了民众基础,美国的自由传统根深蒂固,危机导致社会缺乏基本共识,C,D
110,杜鲁门在敦促国会尽早通过马歇尔计划的特别咨文中说：“要使经济复兴获得成功，必须采取某种对付内部和外部侵略的保卫性措施。”此后采取的“保卫性措施”是建立,北大西洋公约组织,华沙条约组织,欧洲共同体,联合国,A,A. 北大西洋公约组织。
111,德国19世纪中期仍处于分裂状态．促成德国实现统一的人物是,歌德,俾斯麦,马丁·路德,加尔文,B,B. 俾斯麦解题过程：德国19世纪中期实现统一是由于普鲁士首相俾斯麦的铁腕政治和强大的军事实力。他通过多次战争统一了德国，使其成为一个统一的国家。
112,凯末尔说：“我们希望成为一个现代化国家，我们的头脑愿意接受现时代思想，但我们仍得保持自身不变。”为此他推行的改革有：a废除政教合一；b用拉丁字母拼写土耳其语；c走苏俄发展道路；d大力发展农业,bc,bd,ab,ac,C,B. bd
113,1947~1948年，美国部分印第安人部族面临饥荒，美国政府拒绝提供救济，因为有人指控他们部族公社的生活方式是共产主义式的而不是美国式的。这反映出,执政者力图重塑国家精神,三权分立体制存在重大缺陷,国家对经济的干预加强,意识形态影响政府政策,D,D
114,如果没有麦克斯韦在理论上证明无线电波的存在以及赫兹的实验验证，除了幻想家外，谁都不会想到不要导线就可以传递信号。材料可用于说明第二次工业革命中,科学与技术真正结合,技术推动了科学理论进步,电报成为标志性成就,电报发明具有偶然性,A,B
115,18世纪的英国保持着一种独特土地制度，一端是一些大地主，另一端则是大量没有土地以工资为生的劳动力，自耕农的数量在持续减少。英国农村发生的变化表明,英国农业生产力有较大进步,英国的城市化进程加快,英国农村资本主义发展迅速,英国封建租佃关系大量存在,C,D
116,根据美国1787年宪法，众议员名额按照各州人口比例分配，各州人口数“按自由人总数加上所有其他人口的五分之三予以确定”。这一规定违背了《独立宣言》中提倡的,主权在民原则,天赋人权原则,各州平等原则,各州自治原则,B,B. 天赋人权原则。美国1787年宪法规定众议员名额按照各州人口比例分配，各州人口数“按自由人总数加上所有其他人口的五分之三予以确定”。这一规定意味着黑人的人口数被降低了，他们的权利得不到平等保护。这一规定违背了《独立宣言》中提倡的天赋人权原则，即所有人人生而平等，拥有相同权利。
117,公元前5世纪以前，希腊哲人主要探讨的是宇宙本原等问题。其后，智者学派另提出一些命题，苏格拉底、柏拉图和亚里士多德皆有丰富的论述，希腊哲学的主题已转移到,人,政治,神,自然,A,A. 人
118,1788年7月10日，纽约某报纸以《船讯——号外》为题发布通告：万世联合船主的幸福船，已载着十三包“联合、和平和友谊”进港，……愚蠢船主的船已载着地方偏见、不和的种子等出港。它赞美的是,主权在民原则,分权制衡原则,共和制度,联邦体制,D,C. 共和制度。解析：根据题目描述，这则广告赞美的是“万世联合船主的幸福船”，强调的是1788年7月10日，纽约尚未建立联邦制，而当时已经出现了共和制度。1787年宪法的制定使联邦制建立，1788年7月28日，纽约州批准宪法，1788年8月28日，联邦制正式建立。
119,列宁在《论“共产主义星期六义务劳动”》中发出号召：“……共产党员和同情分子应当更加鞭策自己，从休息时间内抽出一小时，也就是把自己的工作日延长一小时，将这些时间集中起来，在星期六这天进行一次六小时的体力劳动，以便立即创造出实际的价值。”文中省略号部分的内容应该是,“鉴于国内外形势的严重，为了对阶级敌人取得优势”,“迫于国内政治经济危机，解决普遍的物资匮乏问题”,“为了支援国际反法西斯，早日实现世界的和平安定”,“为了加快社会主义建设，实现苏联工农业的现代化”,A,B. “迫于国内政治经济危机，解决普遍的物资匮乏问题”。
120,“兴起于18世纪初的美国文化，实乃启蒙运动和宗教改革运动撞击融合后的产物。两项运动有个共通之处——而这止是美式思维模式的根本。”这里“美式思维模式的根本”是指,崇尚理性科学,强调个人自由,宣扬民主政治,重视法制,B,B. 强调个人自由。
121,某科学家逝世后，媒体这样评价：“在我们这一时代的物理学史中，他现在是，将来也还是人类宇宙中有头等光辉的一颗巨星……他也许比牛顿更伟大，因为他对于科学的贡献，更加深刻地进入了人类思想基本概念的结构中。”这位科学家是,达尔文,爱迪生,普朗克,爱因斯坦,D,D. 爱因斯坦。
122,在美国第一届联邦政府中，国务卿杰斐逊和财政部长汉密尔顿在内政外交等问题上出现严重分歧，他们的追随者之间随之发生冲突。1796年大选中，选民因地域、职业和政治倾向的差异分裂成不同的集团。这是美国一个重要制度的起源。这一制度是,共和制,邦联制,议会制,两党制,D,D. 两党制。
123,1500年，欧洲航海家卡布拉尔率远征队准备东去印度，但途中在赤道海流冲击下离开了航道，结果飘流到南美洲东部。他登陆后宣布该地为本国领地。这位航海家应属于,西班牙,英国,荷兰,葡萄牙,D,D. 葡萄牙。
124,雅典将领阿里斯蒂德被公民大会陶片放逐后，仅过了两年多就被召回，因为波斯大军入侵，需要他参与作战。打败波斯后，他得以重新任职，而指挥战争获得胜利的功臣地米斯托克利却被陶片放逐。由此可见,直接民主导致了雅典的派系纷争,主权在民容易导致城邦内部混乱,陶片放逐法是对将领去留的表决,多数人的意愿未必代表公平正义,D,D
125,第一次世界大战结束之际，意大利企业家阿格涅利提出，欧洲要想和平、强大，就必须借鉴美国的成功经验和失败教训，超越邦联阶段，建立联邦制的“欧洲合众国”。能够佐证上述观点的美国历史事实是：a 邦联政治结构松散，无力平息社会动荡；b 联邦剥夺了各州的自主权，稳定了统治秩序；c 邦联没有统一的关税，严重阻碍了经济发展；d 联邦统一发行货币，促进了经济的有序发展,abc,acd,bcd,abd,B,B. acd
126,某一时期，非洲、美洲、亚洲和澳大利亚提供自然资源和农产品，英国、欧洲和美国加工或者消费这些原材料，带动了海上运输和陆地运输的发展。人类第一次在世界范围内形成劳动分工的基本格局，而这一新体系所带来的利润主要流向欧洲、北美洲和日本。这一时期是,世界市场形成时期,早期殖民扩张时期,第二次工业革命时期,新航路开辟时期,C,A. 世界市场形成时期
127,冷战期间，美国政府的一份秘密报告认为，（美国）实力上的优势，正处于最严重的危险之中……冷战事实上是一场维系着世界的生死存亡的真正战争。该报告认为,冷战是一场没有硝烟的战争,全面“热战”不可避免,要用“热战”代替冷战,冷战实际上是一场“热战,A,A. 冷战是一场没有硝烟的战争。
128,德国著名诗人海涅在他的作品《西里西亚纺织工人》中写道：“忧郁的眼里没有眼泪，他们坐在织机旁，咬牙切齿：德意志，我们在织你的尸布，我们织进去三层诅咒——我们织，我们织！”这应属于哪一文学流派,现实主义,荒诞主义,浪漫主义,现代主义,A,D
129,“当西方被定性为侵略者和剥削者（魔鬼般的西方）时，义和团对西方的反抗使中国的爱国者深感满足，并被冠以赞美之词。然而，当西方被看成是现代生活的源泉（天使般的西方）时，义和团那种毁坏西方电报电话设施、铁路和汽船的行为，则往往成为造成严重困境的缘由而遭到严厉的遣责。”上述材料体现的史观有,全球史观、近代化史观,全球史观、文明史观,革命史观、全球史观,革命史观、近代化史观,D,B. 全球史观、文明史观
130,音乐电视起源于美国。刚传入拉丁美洲时，当地的节目主持人把西班牙语和英语夹杂在一起说，引起了“外国文化入侵”之类的批评。但是到20世纪90年代，人们注意到音乐电视使拉美国家之间彼此更加关注，文化共享的程度也增加了。对此不能得出的结论是,电视是影响极大的传播工具,拉美和美国的现代化相互促进,科技的进步促进了文化交流,殖民主义的历史影响仍然存在,B,B
131,《英国政治制度史》中说：“如果把1688年前后的历史变化联系起来看，谁也无法否认它是英国政治制度史上的一次以政变为形式的革命，而且视野拉的越长，其革命性就越明显。”这种革命性主要表现为,实现了从传统社会向近代社会的全面转变,工业资产阶级获得了更多的参政权和选举权,推翻了封建专制王权，建立了议会制共和国,国家权力的重心决定性地自国王转至议会,D,D
132,从政治经济结构看，德意志帝国(1871～1919)呈现的是“经济巨人、政治跛子的半资本主义或者说是半专制主义的社会形态”。以下能支持这一观点的史实不包括,德意志皇帝是国家元首,皇帝拥有主宰议会、创制法律等权力,宰相对皇帝负责，而不是对议会负责,德意志工业化进程加快,A,B
133,英国学者怀特海论及近代西方科学精神时说：人们“完全有意识地认识到……知识对技术进步的重要性，发现了抽象知识和技术进步相联系的方法，并且也看到了技术进步的无限前程”。能够为这种观点提供论据的史实是,伽利略自由落体定律的创立,牛顿经典力学体系的建构,法拉第电磁感应理论的应用,瓦特联动式蒸汽机的制造,C,C. 法拉第电磁感应理论的应用这个选项与问题中的描述相符，因为法拉第发现了电磁感应现象，这一发现推动了技术进步，使人们意识到知识与技术之间的联系。
134,苏格拉底主张，“凡是为一个人自己的理智所宣判为错误的东西，就不应该去想、不应该去做，哪怕受到当权者或任何法庭的强迫，也要不惜任何代价予以抵制。”其主要意图是鼓励人们,保持怀疑精神、批判眼光,发现自我，追求人身自由,反抗雅典民主政治和法律,以个人感受作为价值标准,A,A. 保持怀疑精神、批判眼光。
135,“把人类拉到了与普通生物同样的层面，所有的地球生物，都与人类有了或远或近的血缘关系．彻底打破了人类自高自大，一神之下，众生之上的愚昧式自尊。”这段话是评价,爱因斯坦的相对论,达尔文的进化论,牛顿的万有引力定律,哥白尼《天体运行论》,B,B. 达尔文的进化论。根据题干描述“把人类拉到了与普通生物同样的层面”可知这是在评价生物进化论，而达尔文的进化论提出了生物进化的概念，使人类不再认为自己是特殊的，而是与普通生物同样的生物，打破了人类自高自大的观念。
136,“市民法亦称公民法，是罗马国家早期的法律……罗马法采用属人主义而非属地主义，就是说凡是罗马公民均受法律的保护，而不论其居住地区如何。”据此判断，建国之初(公元前5世纪早期以前)的罗马,公民在本邦活动时受成文法保护,公民在外邦活动时受公民法保护,公民在外邦活动时受万民法保护,居民在本邦活动都受公民法保护,B,B
137,有人描述某一时期英国人生活的情景：以前，人们日出而作，日落而息，生活艰苦却很悠闲。现在，社会的节奏变快了。时间支配了整个社会，时钟成为人们的日常生活用品。导致生活节奏变化的主要原因是,城市化,信息化,电气化,工业化,D,D. 工业化
138,《从曼彻斯特到硅谷》中这样写道：“英国一西欧：比利时、法国一中欧：德国（包括奥地利）一东欧：俄国一日本。与法德同时的还有美国，这样的一条工业化浪潮扩散的路线是颇堪玩味的……为什么不是美国→法国→西班牙、葡萄牙……呢？难道比利牛斯山太高了吗？但阿尔卑斯山并不低。为什么工业化浪潮不是在法国之后穿过地中海而席卷突尼斯、阿尔及利亚呢？是地中海太宽了吗？果真如此，那么大工业为什么又能横渡大西洋而到北美生根开花？”这段话的含义是,工业革命沿主要贸易线路蔓延,工业革命需要一定的社会条件,代议制民主是工业革命的前提,地理位置影响工业革命的传播,B,D
139,达尔文《物种起源》一出版，英国社会学家斯宾塞马上将达尔文的学说运用到社会历史领域，创立了社会达尔文主义。他认为，人类社会也像自然界一样，存在着生存竞争。在竞争中，强者生存了下来，而弱者则被淘汰。只有这样，人类社会才能进步。这种观点,正确。自然科学理论可以移植到社会科学领域,错误。社会科学不可以借鉴自然科学理论,正确。社会科学可以借鉴自然科学理论,错误。自然科学理论不可以移植到社会科学领域,D,C
140,越是高度的概括，越容易引起争议。对20世纪历史的概括，下列说法中争议最少的可能是,两次世界大战，两种制度，两极格局，多极化趋势，革命与改革，和平与发展,帝国主义战争和社会主义革命，冷战和走向多极化，和平、改革与发展,一战和二战，冷战及局部战争，殖民体系瓦解，经济、科技和文化大发展,帝国主义战争，社会主义革命，第三世界崛起，经济、科技和文化大发展,A,B. 帝国主义战争和社会主义革命，冷战和走向多极化，和平、改革与发展。
141,“16世纪以后，世界贸易集中地由地中海逐渐移向大西洋和西北欧，1890年前后的几十年内世界工业品的集中产地又由西欧慢慢移向其他地区。这两个例子都说明经济力量的转移预示着新大国的兴起。”在这两个历史时期兴起的最具有代表性的“新大国”分别是,英国和美国,英国和法国,英国和日本,英国和德国,A,A. 英国和美国
142,德国学者南特威希曾说过：“我想谈谈我个人对毛泽东的评价，毫无疑问，他的最大的功绩在于，在一个困难的时代里找到一条路，把中国从封建残余以及帝国主义侵略中解放出来，建立统一的大国。”材料中的“一条路”是指,实行人民民主,工农武装割据,坚持“城市中心”,坚持持久战,B,B
143,1923—1929年，美国的企业普遍使用流水线等先进生产管理方式，提高了劳动生产率，同时在少数企业中工人可以领取养老金，享受带薪休假。这反映出当时在美国,国家干预促进了经济发展,科技未对经济发展发挥重大作用,供给与需求保持基本平衡,工人分享的经济发展成果有限,D,D
144,布罗代尔在《文明史纲》中指出：“我们所说的‘工业文明’正处于合成一个能够容纳世界整体的共同文明的过程之中。所有文明已经正在或将要受到它的冲击。然而，即使假定世界上所有文明或早或晚终将采纳相同的技术……我们在长时期内仍然将面对事实上非常不同的各种文明。”布罗代尔强调的是,不同文明在发展中仍保留其原有特征,文明在走向统一的过程中呈多元状态,不同文明在发展中不断相互吸收融合,工业文明正在以其独特优势席卷世界,B,B. 文明在走向统一的过程中呈多元状态。
145,英国18世纪人口死亡率明显下降，但1816年后死亡率上升，1831-1841年，工厂集中的伯明翰每年人死亡率由14.6上升到27.2，利物浦由21上升到34.8，导致上述情况发生的重要原因是,人口膨胀食物短缺,医疗技术水平下降,城市环境极其恶化,化学工业污染严重,C,C. 城市环境极其恶化
146,下列各项体现的人民在民主政体下的权利或思想，源于雅典民主政治的有：a 2007年5月法国人民投票选举萨科齐为法国总统；b 美国国会拥有立法权，但总统有权否决国会立法，国会以2／3多数推翻总统的否决；c 1840年4月10日，英国议会就对华战争问题举行辩论；d 举手表决成为我国人民代表大会行使职权的重要方式之一,acd,abc,bcd,abcd,A,D. abcd
147,1928年，苏联开始实施第一个五年计划，并未受到美国人的关注，四年以后这种情况发生变化，美国出版了大量关于苏联的著作，如《俄罗斯的黎明》《俄国今日：我们从中学到什么？》。当时苏联吸引美国人的主要是,农业集体化保证城市供应,经济危机造成的破坏较小,公有制显示出优越性,工业化取得显著成就,D,D. 工业化取得显著成就。
148,renaissance的本意是“人的再生”。所谓“再生”，依牟宗三的理解，就是：“对于现实的人生，现实的自我，个性的自我，有一种春天之情的喜悦感，而且有一种现实的人间爱。”据此可知，此时的人文主义,否定人的才情气质之性,忽略人普遍理性的一面,矛头直指封建专制制度,贬低个性的自我觉醒,B,C
149,古罗马《十二铜表法》中规定：“凡以他人的木材建筑房屋或支搭葡萄架的，木料所有人不得擅自拆毁而取回其木料。但在上述情况下，可对取用他人木料者，提起赔偿双倍于木料价金之诉。”以下法律条文与该条款精神一致的是,“死者未立遗嘱，又无当然继承人，其遗产由最近的族亲继承”,“橡树的果实落于邻地时，得人邻地拾取之”,“家长如三次出卖其子的，该子即脱离家长而获得解放”,“不得为任何个人的利益，制定特别的法律”,B,B
150,斯大林模式虽然在表面上创建起高纯度的公有制计划经济，但其指令性和国家所有制性质与马克思主义关于未来社会由社会占有全部生产资料的设想有着内在的差异。这说明斯大林模式,是科学社会主义在落后国家不完整的运用,是对马克思主义改造的结果,完全违背了科学社会主义理论,有利于科学社会主义从理论变为现实,A,A
151,有人描述19世纪初英国的情景时说，妇女和女孩们曾从黎明到深夜整天不断地使用的嘤嘤作响的纺车，如今已被弃置屋隅。那些打着拍子砰然作响的手织机也多半闲置无闻。这说明,重工业成为国民经济主导,家庭手工业已不复存在,工业革命推动妇女解放,生产领域出现革命性变化,D,D
152,据研究，从1760年到1850年间，英国棉纺厂使用的原棉数量由200万磅到3 66亿磅，增长了180多倍。据此可知，这一时期英国,资本主义生产方式开始建立,经济发展越来越依赖世界市场,工场手工业进入了鼎盛时期,农业中的商品化生产迅速发展,B,B. 经济发展越来越依赖世界市场。
153,关键词搜索是学习的重要方法。有同学在历史学习中搜索了下列关键词：“宪章运动”“新和谐公社”“共产主义者同盟”“阶级斗争”。据此判断，该同学的学习主题是,马克思主义的诞生,空想社会主义的萌发,剩余价值论的创立,巴黎公社的建立,A,A. 马克思主义的诞生。
154,1960年，日、美修改1951年签订的军事条约，删除了原条约中驻日美军可以用于镇压日本内乱的条款，保留了原条约中美军驻扎日本、双方共同应对对日本领土上的任何一方的武力进攻等内容，签订了新的日美安全条约。这一条约的签订,反映出日本已经成为经济大国,标志着亚太地区的力量对比改变,意味着美国在亚洲维持冷战政策,表明日美军事同盟受到削弱,C,C. 意味着美国在亚洲维持冷战政策。
155,欧洲某个时期崛起了一个富有的阶级，他们成为教会之外新的艺术资助人。于是，艺术家创作的重点转向宗教题材以外的、表达人物内心的肖像画。这里的“艺术家”是,法国印象主义画家,19世纪现实主义画家,文艺复兴时期画家,20世纪现代主义画家,C,C. 文艺复兴时期画家。根据题干信息，我们知道这个时期，艺术家创作的重点转向宗教题材以外的、表达人物内心的肖像画。印象主义画家主要创作的是户外风景，19世纪现实主义画家主要创作的是现实主义作品，20世纪现代主义画家则以批判社会现实为主要创作内容。所以，这些选项都不符合题干要求。只有文艺复兴时期的画家符合题干要求。
156,第二次世界大战中，美国财政部长摩根索曾向参议院指出，美国要建立一种世界体系，以便让“企业家们可以按照商业原则进行国际贸易和国际投资”。战争结束后，这一建议体现为,“冷战”秩序的建立,《关贸总协定》签署,北美自由贸易区建立,世界贸易组织建立,B,B. 《关贸总协定》签署。
157,1998年，日本向联合国和世界银行等机构的捐款和出资占其政府开发援助(ODA)总额的比例高达19.8%。2001年，日本首相向联合国秘书长表示：日本担负了联合国会费的两成，但日本所希望的安理会改革却迟迟不能实现，对此，在国民中间有不满情绪。材料表明，日本,获得了安理会常任理事国席位,实现了经济的持续增长,成为当时世界上最大的债权国,企图谋求政治大国地位,D,B
158,中世纪后期位于东西方之间的某个军事强国，占据了重要的地理位置，控制了亚欧商路。这个国家是,法兰克王国,奥斯曼帝国,拜占庭帝国,西罗马帝国,B,B. 奥斯曼帝国。
159,公元前452至前451年，在古罗马平民保民官的强烈要求和平民的努力下，由贵族编制出十个法表，镌刻在十块青铜板上，但法表中的一些内容引起平民不满。公元前450年，又增两表，形成著名的《十二铜表法》。这一过程最能说明,罗马法学体系的完善和成熟,平民取得了罗马法的制定权,平民的社会地位有所提高,贵族的利益不再受法律保护,C,C. 平民的社会地位有所提高。
160,新航路开辟以后，世界许多地区的植物种子被带回欧洲，经培育改良成为欧洲人的食物原料，如玉米、土豆等。欧洲人也将欧洲的一些植物种子带到殖民地进行培育生产，最终成为殖民地人民的重要食材。这说明新航路开辟,有利于世界各地文明的交流与融合,未给殖民地造成任何的打击和破坏,带来的物种交流助推新旧大陆发展,促进新旧大陆经济互补而共同发展,A,C. 带来的物种交流助推新旧大陆发展
